Широта,градус       Доглота       Высота  Мин. угол места    название
15
59.71361557         30.193615296    0 0   Красное_Село
55.947355           37.9701916      0 0   Щелково
55.89716667         37.437833       0 0   Химки
62.926981           40.451852       0 0   Плесецк
67.6128             53.02847        0 0   Нарьян-Мар
45.99586146         63.56501715     0 0   Байконур
67.559444           64.159154       0 0   Воркута
53.3                83.35           0 0   Барнаул
58.44806065         92.2655423      0 0   Енисейск
56.26663889         93.52425        0 0   Красноярск 
51.87361            107.944722      0 0   Улан-Уде
50.836111111        128.363666666   0 0   Свободный
61.976              129.655         0 0   Якутск
44.024119444        131.75815       0 0   Уссурийск
53.0891635          158.347228      0 0   Елизово