Химки
Время 		Угл места 
52212.9		0.00131347
52213.9		0.00236077
52214.9		0.00341032
52215.9		0.00446212
52216.9		0.00551619
52217.9		0.00657254
52218.9		0.00763119
52219.9		0.00869216
52220.9		0.00975545
52221.9		0.0108211
52222.9		0.0118891
52223.9		0.0129594
52224.9		0.0140322
52225.9		0.0151074
52226.9		0.0161849
52227.9		0.0172649
52228.9		0.0183474
52229.9		0.0194323
52230.9		0.0205197
52231.9		0.0216096
52232.9		0.0227021
52233.9		0.023797
52234.9		0.0248945
52235.9		0.0259946
52236.9		0.0270972
52237.9		0.0282024
52238.9		0.0293103
52239.9		0.0304208
52240.9		0.0315339
52241.9		0.0326497
52242.9		0.0337682
52243.9		0.0348894
52244.9		0.0360133
52245.9		0.0371399
52246.9		0.0382693
52247.9		0.0394015
52248.9		0.0405364
52249.9		0.0416742
52250.9		0.0428148
52251.9		0.0439582
52252.9		0.0451045
52253.9		0.0462537
52254.9		0.0474058
52255.9		0.0485608
52256.9		0.0497188
52257.9		0.0508797
52258.9		0.0520436
52259.9		0.0532105
52260.9		0.0543805
52261.9		0.0555535
52262.9		0.0567295
52263.9		0.0579087
52264.9		0.0590909
52265.9		0.0602763
52266.9		0.0614648
52267.9		0.0626565
52268.9		0.0638514
52269.9		0.0650495
52270.9		0.0662508
52271.9		0.0674554
52272.9		0.0686633
52273.9		0.0698744
52274.9		0.0710889
52275.9		0.0723068
52276.9		0.073528
52277.9		0.0747526
52278.9		0.0759807
52279.9		0.0772122
52280.9		0.0784471
52281.9		0.0796855
52282.9		0.0809275
52283.9		0.082173
52284.9		0.083422
52285.9		0.0846747
52286.9		0.0859309
52287.9		0.0871908
52288.9		0.0884544
52289.9		0.0897216
52290.9		0.0909926
52291.9		0.0922673
52292.9		0.0935457
52293.9		0.094828
52294.9		0.0961141
52295.9		0.097404
52296.9		0.0986978
52297.9		0.0999955
52298.9		0.101297
52299.9		0.102603
52300.9		0.103912
52301.9		0.105226
52302.9		0.106544
52303.9		0.107865
52304.9		0.109191
52305.9		0.110521
52306.9		0.111855
52307.9		0.113193
52308.9		0.114536
52309.9		0.115883
52310.9		0.117234
52311.9		0.118589
52312.9		0.119949
52313.9		0.121313
52314.9		0.122681
52315.9		0.124054
52316.9		0.125431
52317.9		0.126813
52318.9		0.1282
52319.9		0.129591
52320.9		0.130986
52321.9		0.132386
52322.9		0.133791
52323.9		0.135201
52324.9		0.136615
52325.9		0.138034
52326.9		0.139458
52327.9		0.140886
52328.9		0.14232
52329.9		0.143758
52330.9		0.145201
52331.9		0.14665
52332.9		0.148103
52333.9		0.149561
52334.9		0.151025
52335.9		0.152494
52336.9		0.153967
52337.9		0.155446
52338.9		0.15693
52339.9		0.15842
52340.9		0.159914
52341.9		0.161414
52342.9		0.16292
52343.9		0.164431
52344.9		0.165947
52345.9		0.167469
52346.9		0.168996
52347.9		0.170529
52348.9		0.172068
52349.9		0.173612
52350.9		0.175162
52351.9		0.176718
52352.9		0.178279
52353.9		0.179847
52354.9		0.18142
52355.9		0.182999
52356.9		0.184584
52357.9		0.186175
52358.9		0.187772
52359.9		0.189375
52360.9		0.190984
52361.9		0.1926
52362.9		0.194221
52363.9		0.195849
52364.9		0.197484
52365.9		0.199124
52366.9		0.200771
52367.9		0.202425
52368.9		0.204084
52369.9		0.205751
52370.9		0.207424
52371.9		0.209103
52372.9		0.21079
52373.9		0.212483
52374.9		0.214183
52375.9		0.215889
52376.9		0.217603
52377.9		0.219323
52378.9		0.22105
52379.9		0.222785
52380.9		0.224526
52381.9		0.226274
52382.9		0.22803
52383.9		0.229793
52384.9		0.231563
52385.9		0.23334
52386.9		0.235125
52387.9		0.236917
52388.9		0.238717
52389.9		0.240524
52390.9		0.242338
52391.9		0.24416
52392.9		0.24599
52393.9		0.247828
52394.9		0.249673
52395.9		0.251526
52396.9		0.253387
52397.9		0.255256
52398.9		0.257133
52399.9		0.259017
52400.9		0.26091
52401.9		0.262811
52402.9		0.26472
52403.9		0.266638
52404.9		0.268563
52405.9		0.270497
52406.9		0.272439
52407.9		0.27439
52408.9		0.276349
52409.9		0.278317
52410.9		0.280293
52411.9		0.282278
52412.9		0.284271
52413.9		0.286273
52414.9		0.288284
52415.9		0.290304
52416.9		0.292333
52417.9		0.29437
52418.9		0.296417
52419.9		0.298472
52420.9		0.300537
52421.9		0.30261
52422.9		0.304693
52423.9		0.306785
52424.9		0.308886
52425.9		0.310997
52426.9		0.313116
52427.9		0.315246
52428.9		0.317384
52429.9		0.319532
52430.9		0.32169
52431.9		0.323857
52432.9		0.326034
52433.9		0.32822
52434.9		0.330416
52435.9		0.332622
52436.9		0.334837
52437.9		0.337062
52438.9		0.339297
52439.9		0.341542
52440.9		0.343797
52441.9		0.346061
52442.9		0.348336
52443.9		0.35062
52444.9		0.352915
52445.9		0.355219
52446.9		0.357534
52447.9		0.359858
52448.9		0.362193
52449.9		0.364538
52450.9		0.366893
52451.9		0.369258
52452.9		0.371633
52453.9		0.374018
52454.9		0.376413
52455.9		0.378819
52456.9		0.381235
52457.9		0.383661
52458.9		0.386097
52459.9		0.388543
52460.9		0.390999
52461.9		0.393466
52462.9		0.395942
52463.9		0.398429
52464.9		0.400926
52465.9		0.403433
52466.9		0.40595
52467.9		0.408477
52468.9		0.411014
52469.9		0.413561
52470.9		0.416117
52471.9		0.418684
52472.9		0.42126
52473.9		0.423847
52474.9		0.426443
52475.9		0.429048
52476.9		0.431663
52477.9		0.434288
52478.9		0.436922
52479.9		0.439565
52480.9		0.442217
52481.9		0.444879
52482.9		0.44755
52483.9		0.450229
52484.9		0.452918
52485.9		0.455615
52486.9		0.458321
52487.9		0.461035
52488.9		0.463757
52489.9		0.466488
52490.9		0.469226
52491.9		0.471973
52492.9		0.474727
52493.9		0.477489
52494.9		0.480258
52495.9		0.483034
52496.9		0.485817
52497.9		0.488606
52498.9		0.491402
52499.9		0.494205
52500.9		0.497013
52501.9		0.499828
52502.9		0.502647
52503.9		0.505472
52504.9		0.508302
52505.9		0.511137
52506.9		0.513976
52507.9		0.516819
52508.9		0.519666
52509.9		0.522516
52510.9		0.525369
52511.9		0.528225
52512.9		0.531083
52513.9		0.533944
52514.9		0.536805
52515.9		0.539668
52516.9		0.542532
52517.9		0.545396
52518.9		0.54826
52519.9		0.551123
52520.9		0.553986
52521.9		0.556846
52522.9		0.559705
52523.9		0.562561
52524.9		0.565414
52525.9		0.568263
52526.9		0.571108
52527.9		0.573949
52528.9		0.576784
52529.9		0.579612
52530.9		0.582435
52531.9		0.58525
52532.9		0.588057
52533.9		0.590856
52534.9		0.593645
52535.9		0.596425
52536.9		0.599194
52537.9		0.601951
52538.9		0.604697
52539.9		0.60743
52540.9		0.610149
52541.9		0.612853
52542.9		0.615543
52543.9		0.618216
52544.9		0.620873
52545.9		0.623512
52546.9		0.626133
52547.9		0.628734
52548.9		0.631315
52549.9		0.633874
52550.9		0.636412
52551.9		0.638927
52552.9		0.641418
52553.9		0.643884
52554.9		0.646324
52555.9		0.648738
52556.9		0.651124
52557.9		0.653482
52558.9		0.65581
52559.9		0.658107
52560.9		0.660373
52561.9		0.662607
52562.9		0.664807
52563.9		0.666972
52564.9		0.669102
52565.9		0.671196
52566.9		0.673252
52567.9		0.67527
52568.9		0.677248
52569.9		0.679186
52570.9		0.681083
52571.9		0.682937
52572.9		0.684748
52573.9		0.686515
52574.9		0.688236
52575.9		0.689912
52576.9		0.691541
52577.9		0.693121
52578.9		0.694653
52579.9		0.696136
52580.9		0.697567
52581.9		0.698948
52582.9		0.700277
52583.9		0.701552
52584.9		0.702774
52585.9		0.703942
52586.9		0.705054
52587.9		0.706111
52588.9		0.707112
52589.9		0.708055
52590.9		0.708941
52591.9		0.709769
52592.9		0.710538
52593.9		0.711248
52594.9		0.711898
52595.9		0.712488
52596.9		0.713018
52597.9		0.713487
52598.9		0.713896
52599.9		0.714242
52600.9		0.714528
52601.9		0.714751
52602.9		0.714913
52603.9		0.715013
52604.9		0.71505
52605.9		0.715026
52606.9		0.714939
52607.9		0.714791
52608.9		0.714581
52609.9		0.714308
52610.9		0.713975
52611.9		0.71358
52612.9		0.713123
52613.9		0.712606
52614.9		0.712029
52615.9		0.711391
52616.9		0.710694
52617.9		0.709938
52618.9		0.709122
52619.9		0.708249
52620.9		0.707318
52621.9		0.706329
52622.9		0.705284
52623.9		0.704183
52624.9		0.703027
52625.9		0.701817
52626.9		0.700552
52627.9		0.699235
52628.9		0.697865
52629.9		0.696444
52630.9		0.694973
52631.9		0.693451
52632.9		0.69188
52633.9		0.690262
52634.9		0.688596
52635.9		0.686884
52636.9		0.685127
52637.9		0.683325
52638.9		0.681479
52639.9		0.679591
52640.9		0.677662
52641.9		0.675692
52642.9		0.673682
52643.9		0.671634
52644.9		0.669548
52645.9		0.667426
52646.9		0.665267
52647.9		0.663074
52648.9		0.660848
52649.9		0.658588
52650.9		0.656297
52651.9		0.653975
52652.9		0.651624
52653.9		0.649243
52654.9		0.646835
52655.9		0.6444
52656.9		0.641939
52657.9		0.639453
52658.9		0.636942
52659.9		0.634409
52660.9		0.631854
52661.9		0.629277
52662.9		0.626679
52663.9		0.624062
52664.9		0.621427
52665.9		0.618773
52666.9		0.616103
52667.9		0.613416
52668.9		0.610714
52669.9		0.607998
52670.9		0.605268
52671.9		0.602524
52672.9		0.599769
52673.9		0.597002
52674.9		0.594224
52675.9		0.591436
52676.9		0.588638
52677.9		0.585832
52678.9		0.583018
52679.9		0.580197
52680.9		0.577369
52681.9		0.574534
52682.9		0.571695
52683.9		0.56885
52684.9		0.566001
52685.9		0.563148
52686.9		0.560292
52687.9		0.557433
52688.9		0.554572
52689.9		0.55171
52690.9		0.548846
52691.9		0.545982
52692.9		0.543117
52693.9		0.540252
52694.9		0.537389
52695.9		0.534526
52696.9		0.531664
52697.9		0.528805
52698.9		0.525948
52699.9		0.523093
52700.9		0.520242
52701.9		0.517393
52702.9		0.514549
52703.9		0.511708
52704.9		0.508872
52705.9		0.50604
52706.9		0.503213
52707.9		0.500392
52708.9		0.497576
52709.9		0.494765
52710.9		0.491961
52711.9		0.489162
52712.9		0.48637
52713.9		0.483585
52714.9		0.480807
52715.9		0.478036
52716.9		0.475272
52717.9		0.472515
52718.9		0.469766
52719.9		0.467025
52720.9		0.464292
52721.9		0.461567
52722.9		0.45885
52723.9		0.456142
52724.9		0.453442
52725.9		0.450751
52726.9		0.448068
52727.9		0.445395
52728.9		0.44273
52729.9		0.440075
52730.9		0.437429
52731.9		0.434792
52732.9		0.432165
52733.9		0.429547
52734.9		0.426938
52735.9		0.424339
52736.9		0.42175
52737.9		0.419171
52738.9		0.416601
52739.9		0.414041
52740.9		0.411492
52741.9		0.408952
52742.9		0.406422
52743.9		0.403902
52744.9		0.401392
52745.9		0.398892
52746.9		0.396402
52747.9		0.393922
52748.9		0.391452
52749.9		0.388993
52750.9		0.386544
52751.9		0.384104
52752.9		0.381675
52753.9		0.379257
52754.9		0.376848
52755.9		0.374449
52756.9		0.372061
52757.9		0.369683
52758.9		0.367314
52759.9		0.364956
52760.9		0.362609
52761.9		0.360271
52762.9		0.357943
52763.9		0.355625
52764.9		0.353318
52765.9		0.35102
52766.9		0.348732
52767.9		0.346455
52768.9		0.344187
52769.9		0.341929
52770.9		0.339681
52771.9		0.337443
52772.9		0.335215
52773.9		0.332996
52774.9		0.330787
52775.9		0.328588
52776.9		0.326399
52777.9		0.324219
52778.9		0.322049
52779.9		0.319888
52780.9		0.317737
52781.9		0.315595
52782.9		0.313463
52783.9		0.31134
52784.9		0.309227
52785.9		0.307122
52786.9		0.305027
52787.9		0.302941
52788.9		0.300865
52789.9		0.298797
52790.9		0.296739
52791.9		0.294689
52792.9		0.292648
52793.9		0.290617
52794.9		0.288594
52795.9		0.28658
52796.9		0.284575
52797.9		0.282578
52798.9		0.280591
52799.9		0.278611
52800.9		0.276641
52801.9		0.274679
52802.9		0.272725
52803.9		0.27078
52804.9		0.268843
52805.9		0.266915
52806.9		0.264994
52807.9		0.263082
52808.9		0.261178
52809.9		0.259283
52810.9		0.257395
52811.9		0.255515
52812.9		0.253643
52813.9		0.25178
52814.9		0.249924
52815.9		0.248075
52816.9		0.246235
52817.9		0.244402
52818.9		0.242577
52819.9		0.24076
52820.9		0.23895
52821.9		0.237147
52822.9		0.235352
52823.9		0.233565
52824.9		0.231785
52825.9		0.230012
52826.9		0.228246
52827.9		0.226488
52828.9		0.224737
52829.9		0.222992
52830.9		0.221255
52831.9		0.219525
52832.9		0.217802
52833.9		0.216086
52834.9		0.214376
52835.9		0.212674
52836.9		0.210978
52837.9		0.209289
52838.9		0.207607
52839.9		0.205931
52840.9		0.204262
52841.9		0.202599
52842.9		0.200943
52843.9		0.199293
52844.9		0.19765
52845.9		0.196013
52846.9		0.194382
52847.9		0.192758
52848.9		0.19114
52849.9		0.189528
52850.9		0.187922
52851.9		0.186322
52852.9		0.184729
52853.9		0.183141
52854.9		0.181559
52855.9		0.179983
52856.9		0.178413
52857.9		0.176849
52858.9		0.175291
52859.9		0.173738
52860.9		0.172191
52861.9		0.17065
52862.9		0.169114
52863.9		0.167584
52864.9		0.16606
52865.9		0.164541
52866.9		0.163027
52867.9		0.161519
52868.9		0.160017
52869.9		0.158519
52870.9		0.157027
52871.9		0.155541
52872.9		0.154059
52873.9		0.152583
52874.9		0.151112
52875.9		0.149645
52876.9		0.148185
52877.9		0.146729
52878.9		0.145278
52879.9		0.143832
52880.9		0.142391
52881.9		0.140955
52882.9		0.139523
52883.9		0.138097
52884.9		0.136675
52885.9		0.135259
52886.9		0.133847
52887.9		0.132439
52888.9		0.131036
52889.9		0.129638
52890.9		0.128245
52891.9		0.126856
52892.9		0.125472
52893.9		0.124092
52894.9		0.122716
52895.9		0.121345
52896.9		0.119979
52897.9		0.118616
52898.9		0.117258
52899.9		0.115905
52900.9		0.114556
52901.9		0.113211
52902.9		0.11187
52903.9		0.110533
52904.9		0.109201
52905.9		0.107872
52906.9		0.106548
52907.9		0.105228
52908.9		0.103912
52909.9		0.1026
52910.9		0.101291
52911.9		0.0999873
52912.9		0.0986871
52913.9		0.0973908
52914.9		0.0960983
52915.9		0.0948097
52916.9		0.0935249
52917.9		0.0922439
52918.9		0.0909667
52919.9		0.0896932
52920.9		0.0884234
52921.9		0.0871573
52922.9		0.0858949
52923.9		0.0846361
52924.9		0.083381
52925.9		0.0821294
52926.9		0.0808814
52927.9		0.0796369
52928.9		0.0783959
52929.9		0.0771585
52930.9		0.0759245
52931.9		0.0746939
52932.9		0.0734668
52933.9		0.072243
52934.9		0.0710226
52935.9		0.0698056
52936.9		0.0685919
52937.9		0.0673815
52938.9		0.0661744
52939.9		0.0649705
52940.9		0.0637699
52941.9		0.0625725
52942.9		0.0613783
52943.9		0.0601872
52944.9		0.0589993
52945.9		0.0578145
52946.9		0.0566329
52947.9		0.0554543
52948.9		0.0542788
52949.9		0.0531063
52950.9		0.0519368
52951.9		0.0507704
52952.9		0.0496069
52953.9		0.0484464
52954.9		0.0472889
52955.9		0.0461342
52956.9		0.0449825
52957.9		0.0438336
52958.9		0.0426877
52959.9		0.0415445
52960.9		0.0404042
52961.9		0.0392667
52962.9		0.038132
52963.9		0.0370001
52964.9		0.0358709
52965.9		0.0347444
52966.9		0.0336207
52967.9		0.0324997
52968.9		0.0313813
52969.9		0.0302656
52970.9		0.0291526
52971.9		0.0280422
52972.9		0.0269344
52973.9		0.0258292
52974.9		0.0247265
52975.9		0.0236265
52976.9		0.0225289
52977.9		0.021434
52978.9		0.0203415
52979.9		0.0192515
52980.9		0.018164
52981.9		0.0170789
52982.9		0.0159964
52983.9		0.0149162
52984.9		0.0138385
52985.9		0.0127631
52986.9		0.0116902
52987.9		0.0106196
52988.9		0.00955135
52989.9		0.00848546
52990.9		0.0074219
52991.9		0.00636064
52992.9		0.00530169
52993.9		0.00424502
52994.9		0.00319061
52995.9		0.00213846
52996.9		0.00108854
52997.9		4.08533e-005
58023.9		5.62424e-005
58024.9		0.00109885
58025.9		0.00214359
58026.9		0.00319046
58027.9		0.00423948
58028.9		0.00529066
58029.9		0.00634402
58030.9		0.00739956
58031.9		0.00845731
58032.9		0.00951727
58033.9		0.0105795
58034.9		0.0116439
58035.9		0.0127106
58036.9		0.0137795
58037.9		0.0148507
58038.9		0.0159243
58039.9		0.0170001
58040.9		0.0180783
58041.9		0.0191587
58042.9		0.0202416
58043.9		0.0213268
58044.9		0.0224144
58045.9		0.0235044
58046.9		0.0245968
58047.9		0.0256916
58048.9		0.0267889
58049.9		0.0278886
58050.9		0.0289908
58051.9		0.0300954
58052.9		0.0312026
58053.9		0.0323123
58054.9		0.0334245
58055.9		0.0345393
58056.9		0.0356566
58057.9		0.0367765
58058.9		0.037899
58059.9		0.0390241
58060.9		0.0401518
58061.9		0.0412821
58062.9		0.0424152
58063.9		0.0435509
58064.9		0.0446893
58065.9		0.0458303
58066.9		0.0469742
58067.9		0.0481207
58068.9		0.04927
58069.9		0.0504221
58070.9		0.051577
58071.9		0.0527347
58072.9		0.0538952
58073.9		0.0550586
58074.9		0.0562248
58075.9		0.0573939
58076.9		0.0585659
58077.9		0.0597409
58078.9		0.0609187
58079.9		0.0620995
58080.9		0.0632833
58081.9		0.0644701
58082.9		0.0656599
58083.9		0.0668527
58084.9		0.0680485
58085.9		0.0692474
58086.9		0.0704494
58087.9		0.0716545
58088.9		0.0728628
58089.9		0.0740742
58090.9		0.0752887
58091.9		0.0765064
58092.9		0.0777273
58093.9		0.0789515
58094.9		0.0801789
58095.9		0.0814095
58096.9		0.0826434
58097.9		0.0838807
58098.9		0.0851212
58099.9		0.0863651
58100.9		0.0876124
58101.9		0.0888631
58102.9		0.0901171
58103.9		0.0913746
58104.9		0.0926356
58105.9		0.0939
58106.9		0.0951679
58107.9		0.0964394
58108.9		0.0977144
58109.9		0.0989929
58110.9		0.100275
58111.9		0.101561
58112.9		0.10285
58113.9		0.104143
58114.9		0.10544
58115.9		0.10674
58116.9		0.108044
58117.9		0.109352
58118.9		0.110664
58119.9		0.111979
58120.9		0.113298
58121.9		0.114621
58122.9		0.115948
58123.9		0.117279
58124.9		0.118614
58125.9		0.119952
58126.9		0.121295
58127.9		0.122642
58128.9		0.123992
58129.9		0.125347
58130.9		0.126705
58131.9		0.128068
58132.9		0.129435
58133.9		0.130806
58134.9		0.132181
58135.9		0.133561
58136.9		0.134944
58137.9		0.136332
58138.9		0.137724
58139.9		0.13912
58140.9		0.140521
58141.9		0.141926
58142.9		0.143335
58143.9		0.144749
58144.9		0.146167
58145.9		0.14759
58146.9		0.149017
58147.9		0.150448
58148.9		0.151884
58149.9		0.153325
58150.9		0.15477
58151.9		0.15622
58152.9		0.157674
58153.9		0.159133
58154.9		0.160597
58155.9		0.162065
58156.9		0.163539
58157.9		0.165017
58158.9		0.166499
58159.9		0.167987
58160.9		0.16948
58161.9		0.170977
58162.9		0.172479
58163.9		0.173986
58164.9		0.175498
58165.9		0.177015
58166.9		0.178538
58167.9		0.180065
58168.9		0.181597
58169.9		0.183134
58170.9		0.184677
58171.9		0.186224
58172.9		0.187777
58173.9		0.189335
58174.9		0.190898
58175.9		0.192467
58176.9		0.194041
58177.9		0.19562
58178.9		0.197204
58179.9		0.198794
58180.9		0.200389
58181.9		0.20199
58182.9		0.203596
58183.9		0.205208
58184.9		0.206825
58185.9		0.208448
58186.9		0.210076
58187.9		0.21171
58188.9		0.213349
58189.9		0.214994
58190.9		0.216645
58191.9		0.218301
58192.9		0.219964
58193.9		0.221631
58194.9		0.223305
58195.9		0.224985
58196.9		0.22667
58197.9		0.228361
58198.9		0.230058
58199.9		0.231761
58200.9		0.23347
58201.9		0.235185
58202.9		0.236905
58203.9		0.238632
58204.9		0.240365
58205.9		0.242104
58206.9		0.243848
58207.9		0.245599
58208.9		0.247356
58209.9		0.249119
58210.9		0.250889
58211.9		0.252664
58212.9		0.254446
58213.9		0.256233
58214.9		0.258027
58215.9		0.259827
58216.9		0.261634
58217.9		0.263446
58218.9		0.265265
58219.9		0.267091
58220.9		0.268922
58221.9		0.27076
58222.9		0.272604
58223.9		0.274454
58224.9		0.276311
58225.9		0.278174
58226.9		0.280044
58227.9		0.28192
58228.9		0.283802
58229.9		0.285691
58230.9		0.287585
58231.9		0.289487
58232.9		0.291395
58233.9		0.293309
58234.9		0.295229
58235.9		0.297156
58236.9		0.299089
58237.9		0.301029
58238.9		0.302975
58239.9		0.304927
58240.9		0.306886
58241.9		0.308851
58242.9		0.310822
58243.9		0.3128
58244.9		0.314784
58245.9		0.316774
58246.9		0.318771
58247.9		0.320773
58248.9		0.322782
58249.9		0.324797
58250.9		0.326819
58251.9		0.328846
58252.9		0.33088
58253.9		0.332919
58254.9		0.334965
58255.9		0.337017
58256.9		0.339074
58257.9		0.341138
58258.9		0.343207
58259.9		0.345283
58260.9		0.347364
58261.9		0.34945
58262.9		0.351543
58263.9		0.353641
58264.9		0.355744
58265.9		0.357853
58266.9		0.359968
58267.9		0.362088
58268.9		0.364213
58269.9		0.366343
58270.9		0.368478
58271.9		0.370619
58272.9		0.372764
58273.9		0.374915
58274.9		0.377069
58275.9		0.379229
58276.9		0.381393
58277.9		0.383562
58278.9		0.385735
58279.9		0.387912
58280.9		0.390094
58281.9		0.392279
58282.9		0.394468
58283.9		0.396661
58284.9		0.398857
58285.9		0.401057
58286.9		0.40326
58287.9		0.405467
58288.9		0.407676
58289.9		0.409888
58290.9		0.412103
58291.9		0.41432
58292.9		0.41654
58293.9		0.418762
58294.9		0.420985
58295.9		0.423211
58296.9		0.425438
58297.9		0.427666
58298.9		0.429896
58299.9		0.432126
58300.9		0.434357
58301.9		0.436588
58302.9		0.43882
58303.9		0.441052
58304.9		0.443283
58305.9		0.445514
58306.9		0.447744
58307.9		0.449973
58308.9		0.452201
58309.9		0.454427
58310.9		0.456651
58311.9		0.458873
58312.9		0.461092
58313.9		0.463309
58314.9		0.465522
58315.9		0.467732
58316.9		0.469938
58317.9		0.47214
58318.9		0.474338
58319.9		0.476531
58320.9		0.478718
58321.9		0.4809
58322.9		0.483076
58323.9		0.485246
58324.9		0.487409
58325.9		0.489564
58326.9		0.491713
58327.9		0.493853
58328.9		0.495985
58329.9		0.498108
58330.9		0.500223
58331.9		0.502327
58332.9		0.504421
58333.9		0.506505
58334.9		0.508578
58335.9		0.510639
58336.9		0.512688
58337.9		0.514725
58338.9		0.516749
58339.9		0.51876
58340.9		0.520757
58341.9		0.522739
58342.9		0.524706
58343.9		0.526658
58344.9		0.528594
58345.9		0.530514
58346.9		0.532417
58347.9		0.534302
58348.9		0.536169
58349.9		0.538017
58350.9		0.539846
58351.9		0.541656
58352.9		0.543445
58353.9		0.545214
58354.9		0.546961
58355.9		0.548687
58356.9		0.55039
58357.9		0.552069
58358.9		0.553726
58359.9		0.555358
58360.9		0.556966
58361.9		0.558548
58362.9		0.560105
58363.9		0.561635
58364.9		0.563139
58365.9		0.564615
58366.9		0.566063
58367.9		0.567483
58368.9		0.568873
58369.9		0.570235
58370.9		0.571566
58371.9		0.572866
58372.9		0.574135
58373.9		0.575373
58374.9		0.576579
58375.9		0.577752
58376.9		0.578892
58377.9		0.579999
58378.9		0.581071
58379.9		0.582109
58380.9		0.583112
58381.9		0.58408
58382.9		0.585013
58383.9		0.585909
58384.9		0.586768
58385.9		0.587591
58386.9		0.588377
58387.9		0.589124
58388.9		0.589834
58389.9		0.590506
58390.9		0.591139
58391.9		0.591733
58392.9		0.592289
58393.9		0.592804
58394.9		0.593281
58395.9		0.593717
58396.9		0.594113
58397.9		0.594469
58398.9		0.594785
58399.9		0.595061
58400.9		0.595295
58401.9		0.595489
58402.9		0.595642
58403.9		0.595754
58404.9		0.595825
58405.9		0.595855
58406.9		0.595844
58407.9		0.595792
58408.9		0.595699
58409.9		0.595566
58410.9		0.595391
58411.9		0.595175
58412.9		0.594919
58413.9		0.594622
58414.9		0.594285
58415.9		0.593907
58416.9		0.59349
58417.9		0.593032
58418.9		0.592535
58419.9		0.591998
58420.9		0.591422
58421.9		0.590807
58422.9		0.590154
58423.9		0.589462
58424.9		0.588731
58425.9		0.587964
58426.9		0.587158
58427.9		0.586316
58428.9		0.585437
58429.9		0.584522
58430.9		0.583571
58431.9		0.582584
58432.9		0.581563
58433.9		0.580507
58434.9		0.579416
58435.9		0.578292
58436.9		0.577135
58437.9		0.575944
58438.9		0.574722
58439.9		0.573468
58440.9		0.572182
58441.9		0.570866
58442.9		0.569519
58443.9		0.568142
58444.9		0.566737
58445.9		0.565302
58446.9		0.56384
58447.9		0.562349
58448.9		0.560832
58449.9		0.559288
58450.9		0.557718
58451.9		0.556123
58452.9		0.554503
58453.9		0.552858
58454.9		0.55119
58455.9		0.549498
58456.9		0.547784
58457.9		0.546048
58458.9		0.54429
58459.9		0.542511
58460.9		0.540711
58461.9		0.538892
58462.9		0.537053
58463.9		0.535196
58464.9		0.53332
58465.9		0.531426
58466.9		0.529516
58467.9		0.527588
58468.9		0.525644
58469.9		0.523685
58470.9		0.521711
58471.9		0.519722
58472.9		0.517718
58473.9		0.515702
58474.9		0.513672
58475.9		0.511629
58476.9		0.509574
58477.9		0.507508
58478.9		0.50543
58479.9		0.503342
58480.9		0.501243
58481.9		0.499135
58482.9		0.497017
58483.9		0.49489
58484.9		0.492755
58485.9		0.490611
58486.9		0.48846
58487.9		0.486302
58488.9		0.484136
58489.9		0.481964
58490.9		0.479786
58491.9		0.477603
58492.9		0.475414
58493.9		0.47322
58494.9		0.471021
58495.9		0.468818
58496.9		0.466611
58497.9		0.4644
58498.9		0.462187
58499.9		0.45997
58500.9		0.45775
58501.9		0.455529
58502.9		0.453305
58503.9		0.451079
58504.9		0.448852
58505.9		0.446624
58506.9		0.444395
58507.9		0.442165
58508.9		0.439935
58509.9		0.437704
58510.9		0.435474
58511.9		0.433244
58512.9		0.431015
58513.9		0.428786
58514.9		0.426559
58515.9		0.424332
58516.9		0.422108
58517.9		0.419885
58518.9		0.417663
58519.9		0.415444
58520.9		0.413227
58521.9		0.411012
58522.9		0.4088
58523.9		0.406591
58524.9		0.404385
58525.9		0.402181
58526.9		0.399981
58527.9		0.397784
58528.9		0.395591
58529.9		0.393402
58530.9		0.391216
58531.9		0.389034
58532.9		0.386856
58533.9		0.384683
58534.9		0.382513
58535.9		0.380348
58536.9		0.378188
58537.9		0.376032
58538.9		0.373881
58539.9		0.371735
58540.9		0.369593
58541.9		0.367457
58542.9		0.365326
58543.9		0.363199
58544.9		0.361078
58545.9		0.358963
58546.9		0.356853
58547.9		0.354748
58548.9		0.352648
58549.9		0.350555
58550.9		0.348467
58551.9		0.346384
58552.9		0.344308
58553.9		0.342237
58554.9		0.340172
58555.9		0.338113
58556.9		0.336059
58557.9		0.334012
58558.9		0.331971
58559.9		0.329936
58560.9		0.327907
58561.9		0.325884
58562.9		0.323867
58563.9		0.321857
58564.9		0.319852
58565.9		0.317854
58566.9		0.315862
58567.9		0.313877
58568.9		0.311897
58569.9		0.309924
58570.9		0.307957
58571.9		0.305997
58572.9		0.304043
58573.9		0.302095
58574.9		0.300154
58575.9		0.298219
58576.9		0.29629
58577.9		0.294368
58578.9		0.292452
58579.9		0.290542
58580.9		0.288639
58581.9		0.286742
58582.9		0.284852
58583.9		0.282968
58584.9		0.28109
58585.9		0.279219
58586.9		0.277354
58587.9		0.275496
58588.9		0.273643
58589.9		0.271797
58590.9		0.269958
58591.9		0.268124
58592.9		0.266297
58593.9		0.264477
58594.9		0.262662
58595.9		0.260854
58596.9		0.259052
58597.9		0.257256
58598.9		0.255467
58599.9		0.253683
58600.9		0.251906
58601.9		0.250135
58602.9		0.24837
58603.9		0.246611
58604.9		0.244859
58605.9		0.243112
58606.9		0.241372
58607.9		0.239637
58608.9		0.237909
58609.9		0.236186
58610.9		0.23447
58611.9		0.232759
58612.9		0.231054
58613.9		0.229356
58614.9		0.227663
58615.9		0.225976
58616.9		0.224295
58617.9		0.222619
58618.9		0.22095
58619.9		0.219286
58620.9		0.217628
58621.9		0.215975
58622.9		0.214329
58623.9		0.212687
58624.9		0.211052
58625.9		0.209422
58626.9		0.207798
58627.9		0.206179
58628.9		0.204566
58629.9		0.202958
58630.9		0.201356
58631.9		0.199759
58632.9		0.198168
58633.9		0.196582
58634.9		0.195001
58635.9		0.193426
58636.9		0.191856
58637.9		0.190291
58638.9		0.188731
58639.9		0.187177
58640.9		0.185628
58641.9		0.184084
58642.9		0.182545
58643.9		0.181011
58644.9		0.179483
58645.9		0.177959
58646.9		0.176441
58647.9		0.174927
58648.9		0.173419
58649.9		0.171915
58650.9		0.170416
58651.9		0.168922
58652.9		0.167433
58653.9		0.165949
58654.9		0.16447
58655.9		0.162995
58656.9		0.161526
58657.9		0.16006
58658.9		0.1586
58659.9		0.157144
58660.9		0.155693
58661.9		0.154247
58662.9		0.152805
58663.9		0.151368
58664.9		0.149935
58665.9		0.148507
58666.9		0.147083
58667.9		0.145663
58668.9		0.144248
58669.9		0.142838
58670.9		0.141432
58671.9		0.14003
58672.9		0.138632
58673.9		0.137239
58674.9		0.13585
58675.9		0.134466
58676.9		0.133085
58677.9		0.131709
58678.9		0.130337
58679.9		0.128969
58680.9		0.127605
58681.9		0.126245
58682.9		0.124889
58683.9		0.123538
58684.9		0.12219
58685.9		0.120846
58686.9		0.119507
58687.9		0.118171
58688.9		0.116839
58689.9		0.115511
58690.9		0.114187
58691.9		0.112867
58692.9		0.111551
58693.9		0.110238
58694.9		0.108929
58695.9		0.107624
58696.9		0.106323
58697.9		0.105025
58698.9		0.103731
58699.9		0.102441
58700.9		0.101154
58701.9		0.0998713
58702.9		0.0985919
58703.9		0.097316
58704.9		0.0960437
58705.9		0.0947749
58706.9		0.0935096
58707.9		0.0922478
58708.9		0.0909895
58709.9		0.0897345
58710.9		0.0884831
58711.9		0.087235
58712.9		0.0859902
58713.9		0.0847489
58714.9		0.0835109
58715.9		0.0822761
58716.9		0.0810447
58717.9		0.0798165
58718.9		0.0785916
58719.9		0.07737
58720.9		0.0761515
58721.9		0.0749362
58722.9		0.0737241
58723.9		0.0725152
58724.9		0.0713094
58725.9		0.0701066
58726.9		0.068907
58727.9		0.0677105
58728.9		0.066517
58729.9		0.0653265
58730.9		0.0641391
58731.9		0.0629547
58732.9		0.0617732
58733.9		0.0605947
58734.9		0.0594192
58735.9		0.0582465
58736.9		0.0570768
58737.9		0.05591
58738.9		0.054746
58739.9		0.0535849
58740.9		0.0524266
58741.9		0.0512711
58742.9		0.0501184
58743.9		0.0489686
58744.9		0.0478214
58745.9		0.0466771
58746.9		0.0455354
58747.9		0.0443965
58748.9		0.0432603
58749.9		0.0421267
58750.9		0.0409959
58751.9		0.0398676
58752.9		0.038742
58753.9		0.037619
58754.9		0.0364987
58755.9		0.0353809
58756.9		0.0342656
58757.9		0.0331529
58758.9		0.0320428
58759.9		0.0309352
58760.9		0.0298301
58761.9		0.0287274
58762.9		0.0276273
58763.9		0.0265296
58764.9		0.0254343
58765.9		0.0243415
58766.9		0.0232511
58767.9		0.0221631
58768.9		0.0210775
58769.9		0.0199943
58770.9		0.0189134
58771.9		0.0178349
58772.9		0.0167587
58773.9		0.0156848
58774.9		0.0146132
58775.9		0.0135439
58776.9		0.0124769
58777.9		0.0114121
58778.9		0.0103496
58779.9		0.00928931
58780.9		0.00823125
58781.9		0.00717539
58782.9		0.00612173
58783.9		0.00507024
58784.9		0.00402093
58785.9		0.00297377
58786.9		0.00192875
58787.9		0.000885855
63860.9		0.000541131
63861.9		0.001295
63862.9		0.00204867
63863.9		0.00280214
63864.9		0.0035554
63865.9		0.00430843
63866.9		0.00506123
63867.9		0.0058138
63868.9		0.00656611
63869.9		0.00731817
63870.9		0.00806996
63871.9		0.00882148
63872.9		0.00957271
63873.9		0.0103236
63874.9		0.0110743
63875.9		0.0118246
63876.9		0.0125746
63877.9		0.0133243
63878.9		0.0140736
63879.9		0.0148225
63880.9		0.0155711
63881.9		0.0163194
63882.9		0.0170672
63883.9		0.0178146
63884.9		0.0185617
63885.9		0.0193083
63886.9		0.0200545
63887.9		0.0208002
63888.9		0.0215455
63889.9		0.0222904
63890.9		0.0230347
63891.9		0.0237786
63892.9		0.024522
63893.9		0.0252648
63894.9		0.0260072
63895.9		0.026749
63896.9		0.0274903
63897.9		0.028231
63898.9		0.0289711
63899.9		0.0297107
63900.9		0.0304496
63901.9		0.031188
63902.9		0.0319257
63903.9		0.0326628
63904.9		0.0333993
63905.9		0.034135
63906.9		0.0348702
63907.9		0.0356046
63908.9		0.0363383
63909.9		0.0370713
63910.9		0.0378035
63911.9		0.0385351
63912.9		0.0392658
63913.9		0.0399958
63914.9		0.040725
63915.9		0.0414534
63916.9		0.042181
63917.9		0.0429077
63918.9		0.0436336
63919.9		0.0443586
63920.9		0.0450827
63921.9		0.045806
63922.9		0.0465283
63923.9		0.0472497
63924.9		0.0479701
63925.9		0.0486896
63926.9		0.0494081
63927.9		0.0501257
63928.9		0.0508422
63929.9		0.0515577
63930.9		0.0522721
63931.9		0.0529855
63932.9		0.0536978
63933.9		0.0544089
63934.9		0.055119
63935.9		0.055828
63936.9		0.0565358
63937.9		0.0572424
63938.9		0.0579478
63939.9		0.0586521
63940.9		0.0593551
63941.9		0.0600568
63942.9		0.0607573
63943.9		0.0614566
63944.9		0.0621545
63945.9		0.0628511
63946.9		0.0635464
63947.9		0.0642403
63948.9		0.0649328
63949.9		0.0656239
63950.9		0.0663136
63951.9		0.0670019
63952.9		0.0676887
63953.9		0.068374
63954.9		0.0690579
63955.9		0.0697402
63956.9		0.0704209
63957.9		0.0711001
63958.9		0.0717778
63959.9		0.0724538
63960.9		0.0731282
63961.9		0.0738009
63962.9		0.074472
63963.9		0.0751413
63964.9		0.075809
63965.9		0.0764749
63966.9		0.0771391
63967.9		0.0778014
63968.9		0.078462
63969.9		0.0791208
63970.9		0.0797776
63971.9		0.0804327
63972.9		0.0810858
63973.9		0.081737
63974.9		0.0823862
63975.9		0.0830335
63976.9		0.0836788
63977.9		0.0843221
63978.9		0.0849633
63979.9		0.0856025
63980.9		0.0862395
63981.9		0.0868745
63982.9		0.0875073
63983.9		0.088138
63984.9		0.0887665
63985.9		0.0893927
63986.9		0.0900168
63987.9		0.0906385
63988.9		0.091258
63989.9		0.0918752
63990.9		0.09249
63991.9		0.0931024
63992.9		0.0937125
63993.9		0.0943202
63994.9		0.0949254
63995.9		0.0955281
63996.9		0.0961284
63997.9		0.0967261
63998.9		0.0973213
63999.9		0.0979139
64000.9		0.0985039
64001.9		0.0990913
64002.9		0.099676
64003.9		0.100258
64004.9		0.100837
64005.9		0.101414
64006.9		0.101988
64007.9		0.102559
64008.9		0.103127
64009.9		0.103693
64010.9		0.104255
64011.9		0.104815
64012.9		0.105371
64013.9		0.105925
64014.9		0.106476
64015.9		0.107024
64016.9		0.107568
64017.9		0.10811
64018.9		0.108649
64019.9		0.109184
64020.9		0.109717
64021.9		0.110246
64022.9		0.110772
64023.9		0.111294
64024.9		0.111814
64025.9		0.11233
64026.9		0.112843
64027.9		0.113353
64028.9		0.113859
64029.9		0.114362
64030.9		0.114861
64031.9		0.115357
64032.9		0.115849
64033.9		0.116338
64034.9		0.116824
64035.9		0.117305
64036.9		0.117784
64037.9		0.118258
64038.9		0.118729
64039.9		0.119197
64040.9		0.11966
64041.9		0.12012
64042.9		0.120577
64043.9		0.121029
64044.9		0.121478
64045.9		0.121922
64046.9		0.122363
64047.9		0.1228
64048.9		0.123233
64049.9		0.123663
64050.9		0.124088
64051.9		0.124509
64052.9		0.124926
64053.9		0.125339
64054.9		0.125748
64055.9		0.126153
64056.9		0.126554
64057.9		0.126951
64058.9		0.127343
64059.9		0.127732
64060.9		0.128116
64061.9		0.128496
64062.9		0.128871
64063.9		0.129243
64064.9		0.12961
64065.9		0.129972
64066.9		0.130331
64067.9		0.130684
64068.9		0.131034
64069.9		0.131379
64070.9		0.131719
64071.9		0.132056
64072.9		0.132387
64073.9		0.132714
64074.9		0.133037
64075.9		0.133354
64076.9		0.133668
64077.9		0.133976
64078.9		0.13428
64079.9		0.13458
64080.9		0.134874
64081.9		0.135164
64082.9		0.135449
64083.9		0.13573
64084.9		0.136006
64085.9		0.136277
64086.9		0.136543
64087.9		0.136804
64088.9		0.13706
64089.9		0.137312
64090.9		0.137559
64091.9		0.1378
64092.9		0.138037
64093.9		0.138269
64094.9		0.138496
64095.9		0.138718
64096.9		0.138935
64097.9		0.139147
64098.9		0.139354
64099.9		0.139556
64100.9		0.139753
64101.9		0.139945
64102.9		0.140132
64103.9		0.140313
64104.9		0.14049
64105.9		0.140661
64106.9		0.140828
64107.9		0.140989
64108.9		0.141145
64109.9		0.141296
64110.9		0.141441
64111.9		0.141582
64112.9		0.141717
64113.9		0.141847
64114.9		0.141972
64115.9		0.142091
64116.9		0.142206
64117.9		0.142315
64118.9		0.142419
64119.9		0.142517
64120.9		0.142611
64121.9		0.142699
64122.9		0.142781
64123.9		0.142859
64124.9		0.142931
64125.9		0.142998
64126.9		0.143059
64127.9		0.143116
64128.9		0.143166
64129.9		0.143212
64130.9		0.143252
64131.9		0.143287
64132.9		0.143317
64133.9		0.143341
64134.9		0.14336
64135.9		0.143373
64136.9		0.143382
64137.9		0.143385
64138.9		0.143382
64139.9		0.143374
64140.9		0.143361
64141.9		0.143343
64142.9		0.143319
64143.9		0.14329
64144.9		0.143255
64145.9		0.143215
64146.9		0.14317
64147.9		0.14312
64148.9		0.143064
64149.9		0.143003
64150.9		0.142937
64151.9		0.142865
64152.9		0.142788
64153.9		0.142706
64154.9		0.142618
64155.9		0.142525
64156.9		0.142427
64157.9		0.142324
64158.9		0.142215
64159.9		0.142101
64160.9		0.141982
64161.9		0.141857
64162.9		0.141728
64163.9		0.141593
64164.9		0.141453
64165.9		0.141308
64166.9		0.141157
64167.9		0.141002
64168.9		0.140841
64169.9		0.140675
64170.9		0.140504
64171.9		0.140328
64172.9		0.140147
64173.9		0.139961
64174.9		0.139769
64175.9		0.139573
64176.9		0.139371
64177.9		0.139165
64178.9		0.138953
64179.9		0.138737
64180.9		0.138515
64181.9		0.138289
64182.9		0.138058
64183.9		0.137821
64184.9		0.13758
64185.9		0.137334
64186.9		0.137083
64187.9		0.136827
64188.9		0.136566
64189.9		0.1363
64190.9		0.13603
64191.9		0.135755
64192.9		0.135475
64193.9		0.13519
64194.9		0.134901
64195.9		0.134607
64196.9		0.134308
64197.9		0.134005
64198.9		0.133696
64199.9		0.133384
64200.9		0.133066
64201.9		0.132745
64202.9		0.132418
64203.9		0.132087
64204.9		0.131752
64205.9		0.131412
64206.9		0.131067
64207.9		0.130718
64208.9		0.130365
64209.9		0.130008
64210.9		0.129645
64211.9		0.129279
64212.9		0.128908
64213.9		0.128533
64214.9		0.128154
64215.9		0.127771
64216.9		0.127383
64217.9		0.126991
64218.9		0.126595
64219.9		0.126195
64220.9		0.12579
64221.9		0.125382
64222.9		0.12497
64223.9		0.124553
64224.9		0.124132
64225.9		0.123708
64226.9		0.123279
64227.9		0.122847
64228.9		0.122411
64229.9		0.12197
64230.9		0.121526
64231.9		0.121078
64232.9		0.120627
64233.9		0.120171
64234.9		0.119712
64235.9		0.119249
64236.9		0.118783
64237.9		0.118312
64238.9		0.117838
64239.9		0.117361
64240.9		0.11688
64241.9		0.116395
64242.9		0.115907
64243.9		0.115415
64244.9		0.11492
64245.9		0.114421
64246.9		0.113919
64247.9		0.113414
64248.9		0.112905
64249.9		0.112393
64250.9		0.111878
64251.9		0.111359
64252.9		0.110837
64253.9		0.110312
64254.9		0.109784
64255.9		0.109252
64256.9		0.108718
64257.9		0.10818
64258.9		0.107639
64259.9		0.107095
64260.9		0.106548
64261.9		0.105998
64262.9		0.105445
64263.9		0.10489
64264.9		0.104331
64265.9		0.103769
64266.9		0.103205
64267.9		0.102637
64268.9		0.102067
64269.9		0.101494
64270.9		0.100918
64271.9		0.10034
64272.9		0.0997589
64273.9		0.0991751
64274.9		0.0985887
64275.9		0.0979996
64276.9		0.0974079
64277.9		0.0968137
64278.9		0.0962169
64279.9		0.0956177
64280.9		0.0950159
64281.9		0.0944116
64282.9		0.093805
64283.9		0.0931959
64284.9		0.0925844
64285.9		0.0919706
64286.9		0.0913544
64287.9		0.0907359
64288.9		0.0901152
64289.9		0.0894922
64290.9		0.0888669
64291.9		0.0882395
64292.9		0.0876098
64293.9		0.086978
64294.9		0.0863441
64295.9		0.0857081
64296.9		0.08507
64297.9		0.0844298
64298.9		0.0837876
64299.9		0.0831433
64300.9		0.0824971
64301.9		0.0818489
64302.9		0.0811988
64303.9		0.0805468
64304.9		0.0798929
64305.9		0.0792371
64306.9		0.0785794
64307.9		0.07792
64308.9		0.0772587
64309.9		0.0765957
64310.9		0.0759309
64311.9		0.0752643
64312.9		0.0745961
64313.9		0.0739262
64314.9		0.0732546
64315.9		0.0725813
64316.9		0.0719065
64317.9		0.07123
64318.9		0.070552
64319.9		0.0698724
64320.9		0.0691912
64321.9		0.0685086
64322.9		0.0678244
64323.9		0.0671388
64324.9		0.0664517
64325.9		0.0657632
64326.9		0.0650733
64327.9		0.064382
64328.9		0.0636893
64329.9		0.0629952
64330.9		0.0622998
64331.9		0.0616031
64332.9		0.0609051
64333.9		0.0602059
64334.9		0.0595053
64335.9		0.0588036
64336.9		0.0581006
64337.9		0.0573964
64338.9		0.056691
64339.9		0.0559845
64340.9		0.0552768
64341.9		0.054568
64342.9		0.0538581
64343.9		0.0531471
64344.9		0.052435
64345.9		0.0517219
64346.9		0.0510077
64347.9		0.0502925
64348.9		0.0495762
64349.9		0.048859
64350.9		0.0481409
64351.9		0.0474217
64352.9		0.0467017
64353.9		0.0459807
64354.9		0.0452587
64355.9		0.0445359
64356.9		0.0438123
64357.9		0.0430877
64358.9		0.0423623
64359.9		0.0416361
64360.9		0.0409091
64361.9		0.0401813
64362.9		0.0394526
64363.9		0.0387233
64364.9		0.0379931
64365.9		0.0372622
64366.9		0.0365306
64367.9		0.0357983
64368.9		0.0350653
64369.9		0.0343316
64370.9		0.0335972
64371.9		0.0328621
64372.9		0.0321265
64373.9		0.0313901
64374.9		0.0306532
64375.9		0.0299157
64376.9		0.0291776
64377.9		0.0284388
64378.9		0.0276996
64379.9		0.0269597
64380.9		0.0262194
64381.9		0.0254785
64382.9		0.0247371
64383.9		0.0239951
64384.9		0.0232527
64385.9		0.0225098
64386.9		0.0217665
64387.9		0.0210226
64388.9		0.0202784
64389.9		0.0195337
64390.9		0.0187885
64391.9		0.018043
64392.9		0.017297
64393.9		0.0165507
64394.9		0.015804
64395.9		0.0150569
64396.9		0.0143094
64397.9		0.0135616
64398.9		0.0128135
64399.9		0.012065
64400.9		0.0113162
64401.9		0.0105671
64402.9		0.00981772
64403.9		0.00906803
64404.9		0.00831805
64405.9		0.00756781
64406.9		0.0068173
64407.9		0.00606654
64408.9		0.00531554
64409.9		0.0045643
64410.9		0.00381283
64411.9		0.00306115
64412.9		0.00230925
64413.9		0.00155716
64414.9		0.000804874
64415.9		5.24046e-005
69747.9		1.36585e-005
69748.9		0.000177812
69749.9		0.000339402
69750.9		0.000498423
69751.9		0.00065487
69752.9		0.000808738
69753.9		0.000960021
69754.9		0.00110871
69755.9		0.00125481
69756.9		0.00139831
69757.9		0.0015392
69758.9		0.00167748
69759.9		0.00181314
69760.9		0.00194618
69761.9		0.0020766
69762.9		0.00220439
69763.9		0.00232955
69764.9		0.00245206
69765.9		0.00257194
69766.9		0.00268916
69767.9		0.00280373
69768.9		0.00291565
69769.9		0.00302491
69770.9		0.00313151
69771.9		0.00323544
69772.9		0.00333669
69773.9		0.00343527
69774.9		0.00353118
69775.9		0.0036244
69776.9		0.00371494
69777.9		0.00380278
69778.9		0.00388794
69779.9		0.0039704
69780.9		0.00405017
69781.9		0.00412723
69782.9		0.00420159
69783.9		0.00427324
69784.9		0.00434219
69785.9		0.00440842
69786.9		0.00447194
69787.9		0.00453275
69788.9		0.00459083
69789.9		0.0046462
69790.9		0.00469884
69791.9		0.00474876
69792.9		0.00479596
69793.9		0.00484042
69794.9		0.00488216
69795.9		0.00492116
69796.9		0.00495743
69797.9		0.00499097
69798.9		0.00502178
69799.9		0.00504984
69800.9		0.00507517
69801.9		0.00509777
69802.9		0.00511762
69803.9		0.00513473
69804.9		0.00514911
69805.9		0.00516074
69806.9		0.00516963
69807.9		0.00517578
69808.9		0.00517919
69809.9		0.00517986
69810.9		0.00517778
69811.9		0.00517296
69812.9		0.00516541
69813.9		0.00515511
69814.9		0.00514206
69815.9		0.00512628
69816.9		0.00510776
69817.9		0.0050865
69818.9		0.0050625
69819.9		0.00503577
69820.9		0.00500629
69821.9		0.00497408
69822.9		0.00493914
69823.9		0.00490147
69824.9		0.00486106
69825.9		0.00481792
69826.9		0.00477206
69827.9		0.00472347
69828.9		0.00467215
69829.9		0.00461811
69830.9		0.00456135
69831.9		0.00450187
69832.9		0.00443967
69833.9		0.00437476
69834.9		0.00430713
69835.9		0.0042368
69836.9		0.00416376
69837.9		0.00408802
69838.9		0.00400957
69839.9		0.00392842
69840.9		0.00384458
69841.9		0.00375805
69842.9		0.00366883
69843.9		0.00357692
69844.9		0.00348232
69845.9		0.00338505
69846.9		0.0032851
69847.9		0.00318248
69848.9		0.00307719
69849.9		0.00296924
69850.9		0.00285862
69851.9		0.00274535
69852.9		0.00262942
69853.9		0.00251085
69854.9		0.00238963
69855.9		0.00226577
69856.9		0.00213928
69857.9		0.00201015
69858.9		0.0018784
69859.9		0.00174402
69860.9		0.00160703
69861.9		0.00146742
69862.9		0.00132521
69863.9		0.0011804
69864.9		0.00103298
69865.9		0.000882979
69866.9		0.000730388
69867.9		0.000575215
69868.9		0.000417466
69869.9		0.000257146
